$ANSIBLE_VAULT;1.1;AES256
66343537373933346430343961376137373334353838363034333764366438316334313933646237
3630326337623761393236333439626364636136383339390a656232623434306138356330333530
62643235336464323638383830643235306435313233303165306139653730663433643665373962
3966373034313637300a333236613965663232663461636162666538316437616137316438666236
37656631643461663563306265363533633331326261353236613734643761323034626635393863
35336564663632363862373564613363343934373165383437306263313438343139393730373665
35313363653732373034333332326631663763666661613130623765393639653864626562393930
31646363613835656462353032366131386432386333376162323337636432616336643535663738
32616463396461626332633735316230626536356137663162643538393734636138656238343961
32643332396631353861663630313062333361666366353438616234373666333138646537393839
61623037653935303732376162663162353031313132333933323633336135663634656531396163
64643261646132636534646464343466626232653066383161623430656162333932353737643432
31663962343064333031303739653762363262393064663135356435653737613264366538626134
36343233373035366538666539326636663833663335663635396431356433383735613364386239
32353138343037376339623331643063633838376135636634636461383763303162626663663131
61613366663032393631373166636335653366326139326237616664616435366465376133373662
64376432353964353131626638373635643335303062663136363730646162633764336334653934
36353737373936316364633063613731633132363566376364653762373638353239623164373838
63663439656164346332663132303435323966663766373235323334366333346162303231383631
31396666636464666365636461616532646464363632316330636137616566656663373963333866
38343830663762633364376462616632326165656431663662646630303033356635626138306166
37313066306464356639393433333831336364656161393032616466336137633466313834653961
33393861643462316664346161663464643131353363343034353662316134376339336261313638
63343164653632356462636536363930386634353735356639386439326539613266666536663433
62643666613335353334353334353933656466323339376130386132646162323830616565383862
66383430363931636334373139323362663536653235373336373439343735663434653534366461
37653138366632376239323131353762343261393461326335623330633362353137396536353337
35346333383965393438326130323538633263393363383864383066616531393162653363356638
35626565613936366632316532343637333035386262323139313333343534303234633039636131
30323734623332643639366263396335333962626566316338633533616336393936613234613131
34363063326139393437636131653362666464633336356430643364613263343438386362373531
61626136316434363663613238653865616437323338366563643838323839333662333632663639
32363236323436363936303533363463643866616534303132323564343864333330303163333334
35376132376631386662653938396530313634636433653738326461373163366636616662656466
63343235303636343339323732626462666139393964323532633763653238316334316433366330
35373366343432666531663835323062663864363563393665396631343262323236326166313832
64303632643562383936326134373531666632396661613035333363383630313130633863363338
30626166366661396436666665323863636435633131303866323232613663343262383430373935
65613535363162373132363931626135376534653162633366383436623534303937303331346464
33376531646333323333646434316132656133663664396432313136623532643730386138323362
66373530323637656562366539353962356339643334626563326637316336623138313962653638
64636637653439656632363035613732363235313164346638643937666234303134663265613937
31333534343037616366396336393863646634336334373835356535313739616265616563613336
38353233393532373064393864376532303633613165366663336666663334333730393238633937
31626233303263326362653530613065386262343234623134643064646632316435666234636565
63393033346434313230383132646137303038396136666163393531323838326438306666323539
63366133303032636239306133326632626635323562396232336662326465396561376663333731
61326664623262356661383835666235666537646236373863323166333630383530376430373935
6339
